HTTP_STATUS:401
TIME_TOTAL:0.077446
TIME_CONNECT:0.006670
TIME_STARTTRANSFER:0.077295
